[[-7.59        3.92      ]
 [-7.59        7.966     ]
 [-7.5436654   8.576569  ]
 [-7.405722    9.173153  ]
 [-7.1793303   9.742088  ]
 [-6.8696747  10.270345  ]
 [-6.483848   10.745822  ]
 [-6.030687   11.15763   ]
 [-5.5205708  11.496338  ]
 [-4.9651837  11.754186  ]
 [-4.3772454  11.92527   ]
 [-3.7702224  12.005671  ]
 [-3.1580184  11.9935465 ]
 [-2.5546546  11.889176  ]
 [-1.9739509  11.694949  ]
 [-1.4292074  11.415315  ]
 [16.488792    1.5893142 ]
 [16.734453    1.4260877 ]
 [16.967571    1.2453988 ]
 [17.186907    1.0482073 ]
 [17.391294    0.8355614 ]
 [17.579647    0.60859096]
 [17.750965    0.3685022 ]
 [17.904337    0.11657095]
 [18.03895    -0.145864  ]
 [18.154085   -0.41740802]
 [18.249134   -0.69661814]
 [18.32359    -0.98201054]
 [18.377056   -1.2720687 ]
 [18.40925    -1.5652512 ]
 [18.42       -1.86      ]
 [18.42       -3.594     ]
 [18.39456    -4.047008  ]
 [18.318558   -4.49432   ]
 [18.192951   -4.9303093 ]
 [18.01932    -5.3494935 ]
 [17.799847   -5.7466016 ]
 [17.53729    -6.1166396 ]
 [17.234955   -6.454954  ]
 [16.896639   -6.7572904 ]
 [16.526602   -7.019846  ]
 [16.129494   -7.23932   ]
 [15.710309   -7.412952  ]
 [15.27432    -7.5385585 ]
 [14.827008   -7.6145597 ]
 [14.374      -7.64      ]
 [-3.544      -7.64      ]
 [-3.9970083  -7.6145597 ]
 [-4.4443197  -7.5385585 ]
 [-4.880309   -7.412952  ]
 [-5.299494   -7.23932   ]
 [-5.696602   -7.019846  ]
 [-6.06664    -6.7572904 ]
 [-6.404954   -6.454954  ]
 [-6.70729    -6.1166396 ]
 [-6.9698462  -5.7466016 ]
 [-7.18932    -5.3494935 ]
 [-7.3629518  -4.9303093 ]
 [-7.4885583  -4.49432   ]
 [-7.5645595  -4.047008  ]
 [-7.59       -3.594     ]
 [-7.59        3.92      ]]
62
